o,d,dis
1,1,0.0
1,34,2361.304749
1,86,2719.882402
1,87,4963.609013
1,80,5358.626063
1,90,5955.774537
1,69,6207.195297
1,81,6251.293304
1,35,6277.390083
1,38,6298.71536
1,89,6304.056142
1,36,6346.036816
1,12,6393.735336
1,113,7121.674219
1,115,7126.669567
1,9,7185.685958
1,114,7192.768559
1,10,7258.962458
1,117,7635.886866
1,67,7739.373994
1,33,7753.862729
1,30,8063.479035
1,31,8097.315308
1,79,8236.012922
1,112,8521.390711
1,43,8669.906663
1,29,8832.949914
1,97,8935.433377
1,116,9001.699788
1,37,9025.023302
1,40,9216.672995
1,39,9394.441041
1,84,9543.938339
1,82,9581.361222
1,28,9595.134311
1,41,10048.89957
1,42,10068.5521
1,68,10119.84661
1,65,10140.74032
1,83,10307.18178
1,2,10433.78631
1,32,10469.30746
1,85,10705.64299
1,72,10746.17784
1,119,11169.12207
1,44,11205.62414
1,104,11250.86683
1,45,11674.05871
1,88,11860.34059
1,99,11959.13086
1,75,12754.10271
1,74,12788.99109
1,96,13000.856
1,48,13153.39861
1,78,13450.54213
1,55,13682.6419
1,47,13754.01408
1,91,13804.99715
1,46,13885.67939
1,64,14225.30577
1,118,14277.2447
1,73,14332.25858
1,108,14357.52344
1,14,14378.1418
1,107,14384.03039
1,70,14411.26725
1,95,14439.2135
1,76,14554.14626
1,103,14671.80184
1,93,14723.36206
1,49,14734.51449
1,66,14801.52263
1,101,14856.5269
1,105,14887.8337
1,100,15019.17296
1,123,15052.62964
1,122,15127.12066
1,124,15132.60309
1,121,15137.78516
1,106,15502.65098
1,53,15691.76368
1,102,15709.25131
1,51,15790.36151
1,120,15799.94856
1,52,15848.64775
1,50,16099.9947
1,4,16450.17031
1,109,16648.26014
1,59,16650.7653
1,6,16677.517
1,13,16715.66976
1,5,16949.52216
1,77,17434.30299
1,92,17460.2065
1,61,17642.70386
1,15,17881.17172
1,16,17944.83143
1,98,18009.45878
1,125,18267.37639
1,58,19010.11576
1,62,19071.39342
1,17,19445.79799
1,24,20507.98373
1,3,20524.79565
1,60,20639.11173
1,94,20823.52575
1,57,20833.72243
1,21,20983.97296
1,22,20988.64586
1,19,21992.14892
1,71,22209.06707
1,18,22210.87649
1,20,22553.37938
1,7,22925.88438
1,63,23007.93413
1,11,23671.1369
1,23,23831.38094
1,54,24522.42851
1,8,24701.05586
1,111,25170.12696
1,56,26265.56163
1,26,26308.05553
1,27,26561.42344
1,110,26802.6142
1,25,31097.70766
2,2,0.0
2,32,2521.244318
2,33,2879.019459
2,88,4281.39346
2,91,5721.805761
2,93,6087.648622
2,70,6145.584019
2,96,6554.875218
2,12,6607.221937
2,95,6701.405235
2,92,7643.077385
2,86,7961.184673
2,15,8064.042608
2,16,8127.70231
2,98,8192.329659
2,34,8315.298665
2,30,8418.575318
2,66,8419.25277
2,40,8469.929825
2,31,8528.174068
2,100,8548.229329
2,101,8866.585533
2,99,8890.855496
2,47,9124.307269
2,89,9402.55495
2,112,9715.551791
2,87,9772.479469
2,97,9819.401921
2,38,9846.347563
2,103,10094.13064
2,90,10260.15684
2,17,10267.25453
2,120,10370.67088
2,1,10433.78631
2,102,10461.36814
2,5,10477.78031
2,69,10511.5776
2,80,10724.97807
2,43,10900.44375
2,9,10991.64305
2,10,11064.91955
2,77,11184.23938
2,73,11220.86113
2,94,11238.81681
2,74,11844.15564
2,125,12135.76702
2,3,12265.5786
2,81,12435.35595
2,28,12457.09782
2,36,12488.27541
2,121,12524.66166
2,122,12535.32617
2,123,12609.81719
2,71,12624.35812
2,65,12667.9247
2,57,12720.05618
2,85,12830.16054
2,18,13032.33303
2,72,13105.83776
2,19,13114.29423
2,35,13216.40527
2,113,13305.73686
2,115,13310.73221
2,114,13335.00715
2,124,13367.42811
2,75,13371.33691
2,58,13489.22503
2,117,13778.12546
2,119,13947.14087
2,104,14013.88989
2,84,14032.08364
2,106,14450.21241
2,20,14839.0617
2,54,15065.29511
2,79,15069.31817
2,37,15462.38384
2,11,15492.44535
2,67,15512.71361
2,39,15805.48745
2,116,15828.23984
2,41,15904.86263
2,42,15924.51516
2,83,16163.14484
2,60,16330.34386
2,82,16579.01574
2,56,16680.85268
2,109,16690.27964
2,107,16727.40209
2,78,16735.83979
2,111,16991.43541
2,108,17010.73558
2,44,17225.83423
2,59,17229.83711
2,6,17256.58881
2,55,17295.94535
2,45,17747.38043
2,23,17776.51482
2,68,17785.15278
2,110,18040.61827
2,48,18078.67365
2,29,18522.49826
2,61,19651.31131
2,76,19724.74461
2,49,19863.14218
2,64,19945.61887
2,105,20088.51821
2,46,20323.03993
2,62,20698.62089
2,118,20714.60524
2,14,20815.50234
2,53,21172.41673
2,51,21245.60707
2,52,21303.89331
2,8,21494.63774
2,50,21580.56418
2,25,22095.4791
2,4,22979.56985
2,24,23451.83487
2,13,23726.04412
2,26,25643.09316
2,21,25814.21086
2,22,25818.88376
2,7,26119.26842
2,63,26201.31817
2,27,28166.26022
3,3,0.0
3,94,6050.699752
3,71,7914.700094
3,92,8198.068977
3,98,9370.8756
3,15,9651.816015
3,16,9715.475718
3,54,9951.576381
3,32,10296.02935
3,93,11332.63621
3,56,11360.86834
3,91,11384.7773
3,70,11390.57161
3,95,11946.39282
3,2,12265.5786
3,88,12483.39544
3,18,12913.97225
3,17,12943.24988
3,96,13940.3583
3,33,14598.42587
3,100,15227.13026
3,66,15274.44635
3,19,15461.96218
3,101,15552.08041
3,5,15570.8502
3,47,16253.80626
3,99,16505.6691
3,12,16629.09659
3,110,16768.33404
3,40,16782.07621
3,77,16976.81141
3,120,17038.53917
3,102,17129.23643
3,103,17163.29322
3,57,17528.437
3,97,17542.66712
3,125,17928.33904
3,73,18287.47296
3,31,18337.95995
3,30,18371.33305
3,25,18537.30966
3,11,18656.82999
3,43,18675.2435
3,74,18920.78162
3,86,18947.44266
3,89,18972.0496
3,38,19140.2029
3,112,19202.25022
3,20,19265.72612
3,121,19375.1317
3,122,19385.79621
3,123,19460.28723
3,9,19495.72288
3,10,19568.99938
3,87,19793.75657
3,34,19924.52127
3,58,20104.65973
3,124,20209.19892
3,90,20281.43395
3,85,20428.50462
3,75,20508.27987
3,1,20524.79565
3,69,20532.8547
3,111,20585.08667
3,72,20704.18184
3,80,20746.25518
3,106,21291.98322
3,119,21518.04729
3,104,21580.73353
3,28,21905.16205
3,84,21914.87501
3,65,22115.98893
3,117,22357.27929
3,23,22428.98215
3,81,22457.2306
3,36,22510.15006
3,60,22667.48161
3,35,23238.27992
3,113,23327.61152
3,115,23332.60686
3,114,23356.8818
3,109,23483.68297
3,107,23697.87701
3,41,23791.2696
3,42,23810.92213
3,59,24023.24044
3,83,24049.55181
3,6,24049.99214
3,78,24082.29011
3,108,24138.50569
3,55,24906.66512
3,39,25088.43093
3,79,25091.19282
3,44,25112.0288
3,37,25384.75593
3,45,25633.575
3,48,25794.41237
3,116,25850.11449
3,61,26444.71464
3,82,26600.8904
3,67,26710.3393
3,76,27440.48332
3,8,27491.87181
3,62,27492.02423
3,49,27578.88089
3,64,27661.35758
3,105,27804.25692
3,68,28216.94385
3,46,28359.96304
3,29,28568.02844
3,53,28888.15544
3,51,28961.34578
3,52,29019.63203
3,50,29296.30289
3,118,29429.37042
3,14,29619.27043
3,24,30444.48801
3,4,31879.58372
3,26,32041.9722
3,13,32961.52075
3,7,33111.92156
3,63,33193.9713
3,21,33392.2644
3,22,33396.9373
3,27,34880.91817
4,4,0.0
4,13,1203.094684
4,14,2352.681597
4,118,3035.481521
4,46,6073.518665
4,82,6888.906466
4,68,7114.599173
4,45,7441.243442
4,64,7450.842454
4,37,7517.18601
4,83,7856.749694
4,39,7907.449618
4,42,8095.379373
4,41,8115.031907
4,53,8247.005063
4,44,8314.468785
4,116,8451.260039
4,105,8662.390139
4,50,8674.322872
4,51,8781.053077
4,79,8792.841291
4,52,8839.339321
4,76,8865.597648
4,49,9883.318149
4,48,9996.628516
4,115,10097.12138
4,113,10102.11673
4,67,10107.12574
4,114,10139.97642
4,35,10370.55361
4,36,10614.83065
4,117,10642.02932
4,81,11053.253
4,84,11644.42051
4,80,12691.49422
4,10,12713.17506
4,9,12786.45156
4,55,13210.44919
4,69,13332.0126
4,87,13508.10507
4,90,13583.43336
4,43,13621.67436
4,72,14032.2782
4,38,14034.99671
4,85,14188.12653
4,119,14239.22338
4,97,14345.11791
4,104,14366.04678
4,89,14753.11562
4,78,15069.24596
4,29,15265.59404
4,22,15328.20591
4,21,15332.87881
4,40,15656.56766
4,34,15884.40908
4,75,15990.30269
4,108,16382.94369
4,1,16450.17031
4,107,16744.07405
4,74,16772.93064
4,12,17217.60171
4,99,17426.28787
4,86,17777.93283
4,24,18228.71755
4,47,18272.12204
4,123,18280.71049
4,122,18355.20152
4,124,18360.68395
4,121,18365.86602
4,73,18386.34301
4,106,18664.76396
4,103,18773.90005
4,101,18958.6251
4,96,19005.26758
4,63,19232.06658
4,61,19250.95227
4,100,19273.19487
4,7,19314.11633
4,109,19709.1838
4,59,19710.70595
4,6,19737.45764
4,102,19811.34951
4,120,19902.04677
4,33,20384.21678
4,70,20633.01808
4,95,20660.96433
4,91,20696.20953
4,93,20945.11289
4,5,21104.10777
4,77,21296.88496
4,88,21360.80388
4,62,21487.74188
4,125,21856.03854
4,58,22408.45934
4,2,22979.56985
4,60,23700.03539
4,15,23733.9187
4,16,23797.5784
4,30,23870.02786
4,98,23944.72635
4,31,23979.62661
4,17,23985.95326
4,28,24187.07002
4,112,24411.18518
4,57,24422.38458
4,65,24732.67603
4,92,25047.94896
4,32,25257.9552
4,27,25617.79774
4,20,25839.42822
4,19,25848.41144
4,18,26508.59658
4,23,26869.57988
4,11,27143.24895
4,8,27346.41071
4,26,27840.58914
4,111,28526.68226
4,94,28635.25086
4,54,29053.28493
4,71,29116.33751
4,66,30160.81332
4,110,30274.72625
4,56,31202.89661
4,3,31879.58372
4,25,34727.91372
5,5,0.0
5,77,1417.214689
5,120,1494.605327
5,102,1585.302585
5,100,1965.164408
5,101,2145.482674
5,125,2368.742324
5,103,2479.567385
5,73,3105.379439
5,47,3341.930818
5,17,3462.118775
5,121,3820.204114
5,122,3830.868618
5,123,3905.359642
5,96,4108.910492
5,57,4111.834201
5,74,4509.519862
5,58,4545.063006
5,95,4598.10311
5,124,4654.27133
5,93,4818.096812
5,70,4990.442375
5,19,5087.568439
5,99,5105.630429
5,91,5145.980803
5,18,5449.430483
5,75,5536.251407
5,106,5737.055633
5,16,6356.04736
5,20,6389.862373
5,15,6418.820097
5,98,6643.321593
5,11,7043.246015
5,104,7280.532758
5,60,7384.027654
5,119,7407.356166
5,85,7525.916287
5,92,7780.363859
5,40,7790.813203
5,72,7801.593508
5,88,7847.441705
5,109,7928.755377
5,23,8009.490127
5,97,8103.066716
5,107,8142.949418
5,54,8306.337627
5,59,8468.312852
5,6,8495.06455
5,78,8527.362523
5,111,8542.236082
5,108,8583.578094
5,43,8749.430733
5,55,9351.737525
5,71,9808.645228
5,33,10102.66875
5,110,10138.26636
5,56,10455.9493
5,2,10477.78031
5,94,10501.80228
5,84,10624.83311
5,38,10844.17704
5,61,10889.78705
5,89,10933.20041
5,9,11198.26569
5,10,11271.54219
5,12,11675.61166
5,32,11707.92843
5,62,11937.09663
5,48,12049.86513
5,69,12253.68437
5,90,12505.10513
5,8,12546.38788
5,117,12977.86508
5,49,13340.83924
5,87,13663.94555
5,44,13981.34417
5,80,14114.93895
5,41,14117.37026
5,42,14137.02279
5,25,14193.12718
5,76,14312.53085
5,83,14375.65247
5,86,14616.92234
5,105,14686.99513
5,45,14881.16447
5,24,14889.56042
5,34,14971.03633
5,52,14993.2294
5,36,15040.23416
5,51,15051.51564
5,64,15062.5305
5,50,15168.85862
5,3,15570.8502
5,53,15598.09206
5,39,15658.30649
5,30,15832.86556
5,31,15942.46431
5,81,15969.12219
5,46,16036.37617
5,114,16121.69542
5,113,16647.14978
5,115,16652.14513
5,37,16718.99625
5,26,16751.3298
5,1,16949.52216
5,112,17100.38641
5,7,17556.99397
5,35,17560.97862
5,66,17617.43283
5,63,17639.04371
5,21,17837.33681
5,79,17838.00026
5,22,17842.00971
5,116,17889.90862
5,118,18737.28033
5,14,18953.15414
5,82,19336.49443
5,27,19404.73596
5,28,19951.86549
5,65,20162.69237
5,4,21104.10777
5,67,21453.49977
5,13,22141.9766
5,68,22198.6673
5,29,25134.64714
6,6,0.0
6,59,26.7516976
6,109,692.0974105
6,61,2463.193908
6,107,3051.196614
6,106,3061.078921
6,108,3494.970153
6,62,3715.983834
6,60,4131.877347
6,124,4319.006217
6,58,4470.851797
6,75,4529.997985
6,78,4718.028753
6,121,5114.012302
6,122,5124.676806
6,123,5158.977351
6,74,5652.242481
6,104,5657.15855
6,119,5783.981958
6,85,6180.220346
6,72,6221.573573
6,73,6283.118712
6,24,6650.127488
6,125,6717.903595
6,55,6759.06174
6,102,6943.350162
6,120,7034.04742
6,77,7119.833275
6,20,7169.369441
6,103,7170.63492
6,23,7324.146564
6,57,7803.753137
6,8,8193.821482
6,47,8199.857472
6,43,8357.010585
6,11,8433.79938
6,97,8467.123618
6,5,8495.06455
6,99,8701.517464
6,100,8839.806923
6,101,8871.262211
6,111,8981.248942
6,40,9034.435751
6,7,9317.561037
6,63,9399.610785
6,84,9645.317429
6,26,9731.867703
6,48,9796.722773
6,19,10129.12868
6,21,10492.50756
6,22,10497.18047
6,38,10511.3594
6,49,10655.65562
6,89,10699.92626
6,9,10863.53846
6,10,10936.81496
6,96,10987.49298
6,27,11206.01385
6,110,11516.51611
6,76,11564.46823
6,69,11861.48189
6,105,11938.93252
6,17,11945.92984
6,90,12112.90265
6,52,12235.8221
6,51,12294.10835
6,117,12294.74557
6,18,12366.17016
6,50,12399.1249
6,12,12804.81611
6,53,12828.35834
6,95,12893.66761
6,44,12931.02513
6,64,12959.49127
6,41,13101.23656
6,42,13120.88909
6,93,13260.96023
6,70,13286.00688
6,83,13359.51877
6,87,13379.86616
6,91,13441.54531
6,45,13616.17647
6,80,13722.73647
6,36,14364.18695
6,39,14642.17279
6,46,14652.92826
6,88,14794.19819
6,86,14838.43837
6,16,14839.85843
6,15,14897.96203
6,98,15122.46353
6,34,15172.18746
6,81,15328.73765
6,114,15480.93067
6,33,15500.44452
6,25,15969.70357
6,113,16006.38503
6,115,16011.38038
6,37,16035.87673
6,92,16259.5058
6,1,16677.517
6,54,16801.40218
6,56,16847.19154
6,35,16920.21387
6,79,17197.23551
6,116,17206.78911
6,2,17256.58881
6,118,17363.67355
6,14,17579.54737
6,71,18292.4563
6,82,18695.72968
6,94,18985.61334
6,32,19564.91831
6,4,19737.45764
6,30,20208.99554
6,31,20318.59429
6,112,20767.47641
6,13,20768.36982
6,67,20812.73502
6,68,20913.18949
6,28,22737.92297
6,65,23283.52898
6,3,24049.99214
6,66,24545.06142
6,29,24859.08237
7,7,0.0
7,63,82.04974749
7,21,4015.012184
7,22,4019.685087
7,24,4554.738101
7,62,7298.575839
7,61,7324.790842
7,27,8291.735467
7,6,9317.561037
7,59,9344.312735
7,108,9524.701902
7,107,9531.740793
7,78,9843.353822
7,109,10009.65845
7,55,10313.12161
7,26,10313.37377
7,49,10363.43924
7,76,10579.18152
7,105,10950.61276
7,52,11229.10122
7,51,11287.38747
7,50,11321.38457
7,48,11566.82938
7,53,11728.41102
7,8,11764.85946
7,60,11788.30984
7,106,12069.34432
7,104,12215.18945
7,64,12275.55846
7,119,12342.01286
7,23,12571.17426
7,124,13327.27161
7,72,13393.90171
7,85,13413.91454
7,45,13468.83464
7,75,13496.03228
7,58,13534.74899
7,44,13662.48322
7,46,13902.06455
7,121,14122.2777
7,122,14132.9422
7,123,14164.2143
7,111,14473.19093
7,74,14618.27677
7,84,14636.98306
7,83,14742.61639
7,20,14850.54638
7,42,14981.24607
7,41,15000.8986
7,73,15291.39496
7,39,15467.42613
7,125,15779.83301
7,43,15793.16746
7,117,15845.39503
7,102,16005.27958
7,11,16089.74233
7,120,16095.97684
7,37,16130.34661
7,77,16181.76269
7,103,16232.56434
7,57,16563.67046
7,97,16629.89692
7,118,16764.87861
7,38,16915.95058
7,14,16980.75243
7,9,17068.95305
7,10,17142.22955
7,47,17261.78689
7,116,17287.21311
7,5,17556.99397
7,79,17570.02016
7,89,17634.0695
7,99,17667.55176
7,40,17695.08472
7,36,17721.14473
7,69,17890.67337
7,100,17901.73634
7,101,17933.19163
7,114,18115.49285
7,90,18142.09413
7,110,18144.53163
7,115,18367.00165
7,113,18371.997
7,81,18455.69535
7,19,18649.41249
7,35,18709.26217
7,80,18822.29533
7,82,18849.56669
7,4,19314.11633
7,87,19598.25365
7,96,20049.42239
7,13,20315.20447
7,68,20608.44906
7,17,21007.85926
7,12,21119.00388
7,18,21304.47996
7,67,21714.48871
7,34,21890.85154
7,95,21955.59703
7,86,22027.9676
7,93,22322.88964
7,70,22347.93629
7,25,22383.84956
7,91,22503.47472
7,1,22925.88438
7,88,23614.10312
7,16,23901.78784
7,15,23959.89145
7,98,24184.39295
7,33,24346.23542
7,56,25202.49703
7,92,25321.43521
7,54,25768.77197
7,2,26119.26842
7,71,27354.38571
7,29,27879.60872
7,94,28047.54276
7,32,28427.59792
7,30,28685.74767
7,31,28795.34642
7,112,29246.73856
7,28,30791.43789
7,65,31337.04389
7,3,33111.92156
7,66,33407.74103
8,8,0.0
8,23,5275.74511
8,60,5355.827166
8,26,5439.435522
8,62,6705.827135
8,111,7177.761779
8,109,8061.746808
8,6,8193.821482
8,59,8220.57318
8,58,8378.159184
8,61,8501.254538
8,20,8741.478122
8,27,8815.030862
8,24,9451.117932
8,11,9825.869571
8,106,10132.24335
8,121,10570.86832
8,124,10575.88372
8,122,10581.53282
8,123,10656.02385
8,125,10677.64893
8,57,10703.63988
8,110,10856.3692
8,107,11074.73547
8,77,11146.97402
8,73,11234.89165
8,108,11519.49204
8,102,11609.05971
8,120,11687.54804
8,7,11764.85946
8,103,11844.01166
8,63,11846.90921
8,75,12054.67789
8,19,12397.37268
8,5,12546.38788
8,78,12742.55064
8,74,12848.30403
8,47,12881.63266
8,100,12949.82908
8,101,13097.35857
8,99,13670.77109
8,104,13680.69741
8,119,13807.52082
8,25,14160.77799
8,85,14203.75921
8,72,14245.11243
8,55,14783.58362
8,21,14953.14506
8,22,14957.81797
8,17,15015.21341
8,18,15052.44015
8,96,15102.15769
8,97,15991.80352
8,40,16355.95386
8,43,16380.54945
8,95,17003.68977
8,93,17288.31261
8,70,17396.02904
8,91,17551.56747
8,84,17668.85629
8,49,17756.26988
8,48,17767.29105
8,56,17884.6871
8,16,18385.92869
8,15,18449.58839
8,38,18534.89826
8,76,18577.76406
8,89,18723.46512
8,98,18790.97108
8,9,18887.07732
8,88,18904.40547
8,105,18955.8892
8,10,18960.35382
8,54,19106.50193
8,52,19234.37766
8,51,19292.66391
8,50,19397.68046
8,53,19826.9139
8,92,19851.28841
8,69,19885.02076
8,90,20136.44151
8,33,20173.82126
8,64,20280.8349
8,117,20318.28443
8,12,20329.49602
8,44,20734.97611
8,41,21124.77542
8,42,21144.42795
8,71,21199.85809
8,45,21321.73155
8,83,21383.05763
8,87,21403.40502
8,2,21494.63774
8,80,21746.27533
8,46,21977.46961
8,94,22287.60678
8,36,22387.72582
8,39,22539.91902
8,86,22861.97723
8,34,23195.72632
8,81,23352.27651
8,114,23504.46953
8,32,23802.96725
8,37,23973.02965
8,113,24029.92389
8,115,24034.91924
8,1,24701.05586
8,35,24943.75273
8,118,24966.9619
8,116,25133.71315
8,14,25182.83572
8,79,25220.77437
8,30,25377.43555
8,31,25487.0343
8,112,25938.42644
8,82,26696.06672
8,4,27346.41071
8,3,27491.87181
8,13,28374.14864
8,68,28522.14256
8,66,28789.18385
8,67,28836.27388
8,28,28842.19309
8,65,29053.01997
8,29,32882.62123
9,9,0.0
9,10,73.27650016
9,38,1248.545143
9,69,1413.449038
9,90,1664.869798
9,89,1966.664061
9,43,2830.456116
9,117,3047.392509
9,97,3121.454834
9,87,3125.500282
9,80,3261.249197
9,40,3413.7627
9,84,3676.560619
9,36,4186.544409
9,85,4856.1173
9,72,4896.652151
9,81,5115.43244
9,114,5268.005671
9,119,5319.596374
9,41,5336.31328
9,42,5355.965814
9,104,5401.341135
9,12,5451.598435
9,83,5594.595493
9,39,5597.818661
9,113,5793.460031
9,115,5798.455379
9,37,5889.033053
9,34,6150.710214
9,99,6156.220567
9,86,6360.562159
9,35,6707.288871
9,44,6727.206612
9,75,6940.124164
9,74,6975.012548
9,79,6984.31051
9,116,7059.945431
9,1,7185.685958
9,45,7226.956156
9,96,7411.967079
9,78,7596.712894
9,55,7819.561984
9,47,7975.120993
9,48,8292.389631
9,91,8312.348692
9,82,8482.804679
9,108,8507.997748
9,73,8528.5147
9,107,8534.504699
9,88,8582.615412
9,70,8822.37832
9,95,8850.32457
9,103,8868.057966
9,33,8889.33478
9,101,9052.783021
9,93,9134.473134
9,123,9238.651093
9,100,9301.406552
9,122,9313.142117
9,124,9318.624552
9,121,9323.806621
9,106,9688.672436
9,102,9905.507428
9,76,9935.564114
9,46,9953.344191
9,64,9980.429693
9,120,9996.204686
9,49,10073.96168
9,105,10299.33771
9,118,10521.48695
9,67,10599.81002
9,14,10622.38405
9,109,10834.2816
9,59,10836.78676
9,6,10863.53846
9,2,10991.64305
9,5,11198.26569
9,68,11344.97755
9,53,11383.23623
9,51,11456.42657
9,52,11514.71282
9,77,11630.55911
9,50,11791.38369
9,61,11793.17817
9,15,12460.40756
9,125,12463.63251
9,16,12524.06726
9,98,12671.21521
9,92,12781.03065
9,4,12786.45156
9,30,13018.34223
9,31,13127.94098
9,58,13206.37188
9,62,13257.41488
9,32,13299.97256
9,112,13579.33312
9,17,13767.00648
9,13,13873.58962
9,24,14644.90381
9,60,14825.13318
9,57,15029.97855
9,28,15124.03245
9,29,15331.12285
9,65,15669.63845
9,21,16077.78011
9,22,16082.45301
9,19,16240.89246
9,94,16300.02339
9,18,16532.08499
9,20,16749.6355
9,7,17068.95305
9,63,17151.0028
9,71,17685.5647
9,11,17867.39302
9,23,18017.4024
9,66,18280.11567
9,54,18843.63701
9,8,18887.07732
9,111,19366.38308
9,3,19495.72288
9,26,20494.07698
9,27,20747.44489
9,56,20993.24869
9,110,20998.87032
9,25,25346.4512
10,10,0.0
10,9,73.27650016
10,38,1321.821643
10,69,1340.172538
10,90,1591.593298
10,89,2039.940561
10,43,2903.732616
10,117,2974.116008
10,87,3052.223782
10,80,3187.972696
10,97,3194.731334
10,40,3487.0392
10,84,3603.284119
10,36,4113.267909
10,85,4929.3938
10,72,4969.928651
10,81,5042.15594
10,114,5194.729171
10,41,5263.03678
10,42,5282.689314
10,119,5392.872874
10,104,5474.617636
10,83,5521.318993
10,39,5524.542161
10,12,5524.874935
10,113,5720.183531
10,115,5725.178879
10,37,5815.756553
10,34,6223.986715
10,99,6229.497068
10,86,6433.83866
10,35,6634.012371
10,44,6653.930112
10,79,6911.03401
10,116,6986.668931
10,75,7013.400664
10,74,7048.289049
10,45,7153.679655
10,1,7258.962458
10,96,7485.243579
10,78,7669.989394
10,55,7892.838485
10,47,8048.397493
10,48,8219.113131
10,91,8385.625192
10,82,8409.528179
10,108,8581.274248
10,73,8601.7912
10,107,8607.781199
10,88,8655.891912
10,70,8895.654821
10,95,8923.601071
10,103,8941.334466
10,33,8962.61128
10,101,9126.059521
10,93,9207.749634
10,123,9311.927594
10,100,9374.683052
10,122,9386.418617
10,124,9391.901052
10,121,9397.083121
10,106,9761.948936
10,76,9862.287614
10,46,9880.067691
10,64,9907.153193
10,102,9978.783928
10,49,10000.68518
10,120,10069.48119
10,105,10226.06121
10,118,10448.21045
10,67,10526.53352
10,14,10549.10755
10,109,10907.5581
10,59,10910.06326
10,6,10936.81496
10,2,11064.91955
10,5,11271.54219
10,68,11271.70105
10,53,11309.95973
10,51,11383.15007
10,52,11441.43632
10,77,11703.83561
10,50,11718.10719
10,61,11866.45467
10,15,12533.68406
10,125,12536.90901
10,16,12597.34376
10,4,12713.17506
10,98,12744.49171
10,92,12854.30715
10,30,13091.61873
10,31,13201.21748
10,58,13279.64838
10,62,13330.69138
10,32,13373.24906
10,112,13652.60962
10,13,13800.31312
10,17,13840.28299
10,24,14718.18031
10,60,14898.40968
10,57,15103.25505
10,28,15197.30895
10,29,15263.51676
10,65,15742.91495
10,21,16004.50361
10,22,16009.17651
10,19,16314.16896
10,94,16373.29989
10,18,16605.36149
10,20,16822.912
10,7,17142.22955
10,63,17224.2793
10,71,17758.8412
10,11,17940.66952
10,23,18090.6789
10,66,18353.39217
10,54,18916.91351
10,8,18960.35382
10,111,19439.65958
10,3,19568.99938
10,26,20567.35348
10,27,20820.72139
10,56,21066.52519
10,110,21072.14682
10,25,25419.7277
11,11,0.0
11,20,1746.315018
11,111,2797.494442
11,57,2999.353862
11,110,3273.208135
11,19,3444.745094
11,23,4645.461828
11,60,4893.475444
11,58,5327.665322
11,125,5403.760506
11,17,6062.585825
11,18,6099.812563
11,77,6355.288141
11,5,7043.246015
11,25,7726.395599
11,120,7871.188331
11,102,7961.88559
11,109,8301.724705
11,6,8433.79938
11,59,8460.551077
11,61,8767.187354
11,121,8798.0938
11,122,8808.758303
11,106,8827.799875
11,124,8854.592965
11,123,8883.249327
11,100,8994.718865
11,103,9024.285856
11,101,9175.03713
11,16,9433.368784
11,73,9436.40699
11,15,9497.028487
11,93,9691.898933
11,62,9777.741062
11,8,9825.869571
11,98,9838.411178
11,95,9907.597407
11,70,10003.99375
11,47,10066.41519
11,56,10469.48005
11,54,10564.10457
11,107,10694.38727
11,91,10888.3655
11,92,10898.72851
11,74,11049.81936
11,96,11147.28791
11,108,11147.39867
11,75,11174.3927
11,99,11774.75775
11,78,12074.00299
11,71,12508.03908
11,104,12909.46895
11,119,13036.29235
11,24,13064.22805
11,85,13431.05884
11,94,13452.56495
11,72,13472.41207
11,88,13519.02377
11,55,14164.85305
11,26,14339.14622
11,40,14459.94053
11,97,14772.19404
11,43,15418.55806
11,2,15492.44535
11,7,16089.74233
11,63,16171.79208
11,32,16284.20645
11,84,16897.62782
11,27,17107.83731
11,33,17141.04617
11,48,17202.51408
11,21,17465.52807
11,22,17470.20097
11,38,17513.30436
11,89,17655.7454
11,9,17867.39302
11,10,17940.66952
11,49,18153.95476
11,12,18523.05666
11,3,18656.82999
11,69,18922.81169
11,76,19125.64637
11,90,19174.23245
11,105,19500.11066
11,117,19547.05596
11,52,19806.34492
11,51,19864.63117
11,50,19981.97415
11,44,20216.21585
11,41,20353.54695
11,64,20365.28258
11,42,20373.19949
11,87,20383.72071
11,53,20411.20758
11,83,20611.82917
11,80,20784.06627
11,45,21021.96778
11,86,21464.36735
11,36,21616.49735
11,34,21818.48134
11,39,21894.48319
11,46,22058.71957
11,66,22362.3938
11,81,22581.04804
11,114,22733.24107
11,30,22871.24298
11,31,22980.84173
11,113,23258.69543
11,115,23263.69077
11,37,23288.18713
11,1,23671.1369
11,112,23978.85569
11,35,24172.52427
11,79,24449.54591
11,116,24459.0995
11,118,24769.46486
11,14,24985.33868
11,82,25948.04007
11,28,26882.62234
11,65,27093.44923
11,4,27143.24895
11,67,28065.04541
11,13,28174.16113
11,68,28318.9808
11,29,31856.26188
12,12,0.0
12,89,3616.305417
12,86,3936.972876
12,87,4009.562125
12,38,4203.053292
12,33,4256.980944
12,34,4351.909426
12,90,4473.907309
12,40,4526.968154
12,69,4725.328069
12,97,4848.151283
12,80,4962.060729
12,9,5451.598435
12,10,5524.874935
12,43,5916.476171
12,1,6393.735336
12,88,6400.497608
12,2,6607.221937
12,81,6673.387802
12,36,6726.307261
12,99,6768.390476
12,35,7452.160189
12,113,7543.768717
12,115,7548.764065
12,114,7573.039004
12,96,7726.945508
12,85,7916.403051
12,117,8016.15731
12,74,8191.250209
12,72,8192.080272
12,47,8514.620843
12,30,8524.66806
12,91,8531.086658
12,84,8615.519236
12,31,8634.26681
12,75,8740.071883
12,32,8915.551442
12,119,9033.383375
12,112,9080.609817
12,104,9100.132403
12,70,9137.35675
12,95,9165.302999
12,73,9204.269911
12,79,9307.350025
12,93,9449.451563
12,103,9506.947554
12,101,9651.426337
12,37,9700.415697
12,100,9745.26246
12,39,10043.5193
12,116,10066.27169
12,41,10429.17001
12,42,10448.82255
12,123,10490.894
12,121,10514.8893
12,122,10525.5538
12,102,10561.17107
12,124,10607.51304
12,120,10651.86833
12,83,10687.45223
12,82,10817.0476
12,67,10924.21957
12,106,11007.35051
12,28,11126.41962
12,78,11643.66163
12,65,11672.02562
12,5,11675.61166
12,44,11809.26982
12,107,11813.6446
12,55,11891.50635
12,92,12000.36352
12,108,12096.97808
12,109,12277.41741
12,77,12286.22276
12,45,12321.16272
12,15,12421.32874
12,68,12431.02193
12,16,12484.98844
12,98,12549.61579
12,48,12681.62976
12,59,12778.06442
12,6,12804.81611
12,125,13119.29616
12,66,13835.62315
12,58,13863.72443
12,17,14171.88749
12,76,14327.70072
12,49,14466.09829
12,64,14548.57498
12,46,14561.07178
12,29,14612.83317
12,105,14691.47432
12,61,14848.93651
12,118,14952.63709
12,14,15053.53419
12,94,15599.60806
12,57,15685.64219
12,60,15751.2886
12,53,15775.37284
12,51,15848.56318
12,52,15906.84942
12,62,16104.29913
12,50,16183.52029
12,3,16629.09659
12,19,16718.23842
12,18,16936.96599
12,71,16985.14937
12,4,17217.60171
12,20,17405.29915
12,13,17964.07597
12,11,18523.05666
12,24,18538.07738
12,23,18741.41304
12,54,19248.51802
12,111,20022.04673
12,8,20329.49602
12,21,20417.16697
12,22,20421.83987
12,56,21041.64393
12,7,21119.00388
12,63,21201.05362
12,110,21654.53396
12,26,21936.49568
12,27,23594.32914
12,25,25823.79717
13,13,0.0
13,4,1203.094684
13,14,3342.250318
13,118,4044.367942
13,46,7063.087386
13,82,7154.405914
13,68,7380.098621
13,64,8474.25014
13,45,8523.180473
13,37,8604.324071
13,116,8716.759487
13,83,8938.686725
13,39,8994.587678
13,79,9058.340739
13,42,9177.316404
13,41,9196.968938
13,53,9236.573784
13,44,9396.405816
13,50,9663.891593
13,105,9690.128066
13,51,9770.621798
13,52,9828.908042
13,76,9893.335575
13,67,10372.62518
13,115,10451.5114
13,113,10456.50675
13,114,10494.37013
13,35,10636.05306
13,49,10911.05608
13,48,11024.36644
13,81,11483.83784
13,36,11573.23543
13,117,11729.16738
13,84,12726.35755
13,80,13530.77304
13,10,13800.31312
13,9,13873.58962
13,55,14241.36137
13,87,14347.38389
13,69,14419.15066
13,90,14670.57142
13,43,14703.61139
13,72,15070.14702
13,38,15122.13477
13,85,15225.99535
13,119,15277.0922
13,104,15403.91561
13,97,15427.05494
13,29,15531.09349
13,89,15840.25369
13,78,16100.15814
13,22,16329.29405
13,21,16333.96696
13,34,16623.18411
13,1,16715.66976
13,40,16738.50469
13,75,17028.17151
13,108,17413.85587
13,107,17774.98622
13,74,17810.79946
13,12,17964.07597
13,86,18359.22226
13,99,18508.2249
13,24,19256.45548
13,47,19309.99087
13,123,19318.57932
13,122,19393.07034
13,124,19398.55278
13,121,19403.73484
13,73,19424.21183
13,106,19695.67614
13,103,19811.76887
13,101,19996.49393
13,96,20087.20461
13,63,20233.15472
13,61,20278.69019
13,100,20311.0637
13,7,20315.20447
13,109,20740.09598
13,59,20741.61812
13,6,20768.36982
13,102,20849.21833
13,120,20939.91559
13,33,21122.9918
13,70,21714.95511
13,95,21742.90136
13,91,21778.14656
13,93,22027.04992
13,5,22141.9766
13,77,22334.75379
13,88,22447.94194
13,62,22515.47981
13,125,22893.90737
13,58,23439.37152
13,2,23726.04412
13,30,24135.52731
13,31,24245.12606
13,28,24452.56947
13,112,24676.68462
13,60,24729.25718
13,15,24815.85573
13,16,24879.51543
13,65,24998.17548
13,17,25023.82209
13,98,25026.66338
13,57,25460.2534
13,32,25996.73022
13,92,26129.88599
13,27,26618.88589
13,20,26870.3404
13,19,26886.28027
13,18,27546.46541
13,23,27897.31781
13,11,28174.16113
13,8,28374.14864
13,26,28868.32707
13,111,29554.42019
13,94,29717.18789
13,54,30091.15376
13,71,30154.20634
13,66,30552.47617
13,110,31305.63843
13,56,32240.76543
13,3,32961.52075
13,25,35758.8259
14,14,0.0
14,118,702.1176243
14,4,2352.681597
14,13,3342.250318
14,46,3871.774469
14,45,5180.930155
14,64,5282.937224
14,37,5353.118495
14,83,5596.436407
14,82,5736.988878
14,39,5743.382102
14,42,5835.066086
14,41,5854.71862
14,68,5962.681585
14,53,6045.260868
14,44,6054.155498
14,50,6472.578676
14,116,6496.750531
14,105,6498.81515
14,51,6579.308881
14,52,6637.595126
14,76,6702.022658
14,79,6779.557583
14,49,7719.743159
14,48,7833.053526
14,115,7933.053863
14,113,7938.049212
14,114,7975.908901
14,35,8265.979764
14,36,8450.763134
14,117,8477.961803
14,81,8889.185488
14,67,9101.588874
14,84,9384.107228
14,80,10527.4267
14,10,10549.10755
14,9,10622.38405
14,55,11052.53891
14,69,11167.94509
14,87,11344.03756
14,43,11361.36107
14,90,11419.36585
14,38,11870.92919
14,72,11881.32457
14,85,12037.1729
14,97,12084.80462
14,119,12088.26975
14,104,12215.09315
14,89,12589.04811
14,78,12911.33569
14,22,12994.84201
14,21,12999.51492
14,40,13396.25438
14,34,13720.34157
14,75,13839.34906
14,29,14203.43312
14,108,14225.03342
14,1,14378.1418
14,107,14586.16377
14,74,14621.97701
14,12,15053.53419
14,99,15165.97458
14,86,15613.86531
14,24,16065.14256
14,47,16121.16841
14,123,16129.75686
14,122,16204.24789
14,124,16209.73032
14,121,16214.91239
14,73,16235.38938
14,106,16506.85368
14,103,16622.94642
14,96,16744.95429
14,101,16807.67147
14,63,16898.70268
14,7,16980.75243
14,61,17087.37728
14,100,17122.24124
14,109,17551.27353
14,59,17552.79567
14,6,17579.54737
14,102,17660.39588
14,120,17751.09314
14,33,18220.14926
14,70,18372.70479
14,95,18400.65104
14,91,18435.89624
14,93,18684.79961
14,5,18953.15414
14,77,19145.93133
14,88,19196.73637
14,62,19324.16689
14,125,19705.08491
14,58,20250.54906
14,2,20815.50234
14,15,21473.60541
14,16,21537.26511
14,60,21537.94427
14,98,21684.41306
14,30,21797.99934
14,17,21834.99963
14,31,21907.59809
14,57,22271.43095
14,112,22339.15666
14,92,22787.63567
14,32,23093.88768
14,28,23124.9091
14,27,23284.43385
14,65,23670.5151
14,20,23681.51794
14,19,23697.45781
14,18,24357.64295
14,23,24706.00489
14,11,24985.33868
14,8,25182.83572
14,26,25677.01415
14,111,26363.10727
14,94,26374.93757
14,54,26902.3313
14,71,26965.38388
14,66,27996.74581
14,110,28116.81598
14,56,29051.94298
14,3,29619.27043
14,25,32570.00344
15,15,0.0
15,16,63.65970284
15,98,382.3538453
15,92,1625.419049
15,93,3534.906924
15,95,3751.422033
15,17,3783.448378
15,70,3791.876139
15,91,4561.872813
15,94,5013.321025
15,96,5333.108585
15,71,5615.265024
15,18,5802.51283
15,100,6075.100151
15,101,6400.050306
15,5,6418.820097
15,19,6646.554722
15,54,7010.92372
15,88,7028.822146
15,47,7101.776151
15,99,7389.734936
15,77,7824.781304
15,120,7886.509066
15,32,7899.649141
15,102,7977.206325
15,103,8011.263115
15,2,8064.042608
15,57,8376.406897
15,125,8776.308939
15,40,9061.586091
15,73,9135.442853
15,56,9160.535395
15,97,9393.875856
15,11,9497.028487
15,3,9651.816015
15,74,9768.751509
15,20,10105.92462
15,121,10223.1016
15,122,10233.7661
15,110,10238.53986
15,123,10308.25713
15,33,10390.65802
15,43,10526.45223
15,58,10952.62962
15,124,11057.16881
15,85,11276.47451
15,75,11356.24976
15,111,11425.28517
15,72,11552.15173
15,38,12106.3189
15,89,12122.87732
15,106,12139.95312
15,119,12366.01718
15,12,12421.32874
15,104,12428.70342
15,9,12460.40756
15,10,12533.68406
15,84,13260.63487
15,23,13269.18065
15,60,13507.68011
15,69,13533.9323
15,90,13785.35306
15,117,14258.11301
15,25,14292.37505
15,109,14331.65286
15,107,14545.8469
15,66,14597.80845
15,87,14853.62246
15,59,14871.21034
15,6,14897.96203
15,78,14930.26001
15,108,14986.47558
15,86,15362.63942
15,80,15395.18688
15,41,15655.92207
15,42,15675.5746
15,34,15716.75342
15,55,15754.63501
15,31,15756.35868
15,30,15789.73178
15,83,15914.20428
15,36,16320.48209
15,44,16617.14593
15,48,16741.76602
15,112,16903.08502
15,39,17112.65545
15,81,17249.37012
15,61,17292.68454
15,114,17401.94335
15,45,17487.90998
15,1,17881.17172
15,113,17927.39771
15,115,17932.39306
15,37,17999.24417
15,62,18339.99412
15,76,18387.83698
15,8,18449.58839
15,49,18526.23455
15,64,18608.71124
15,105,18751.61058
15,35,18841.22655
15,79,19118.24819
15,116,19170.15655
15,46,19582.5569
15,28,19605.99685
15,65,19816.82374
15,53,19835.5091
15,51,19908.69944
15,52,19966.98568
15,50,20243.65655
15,82,20616.74236
15,118,21283.7054
15,24,21292.4579
15,14,21473.60541
15,67,22502.57145
15,26,22962.86504
15,68,23478.91523
15,4,23733.9187
15,7,23959.89145
15,63,24041.9412
15,21,24240.23429
15,22,24244.90719
15,13,24815.85573
15,27,25721.11667
15,29,25983.80639
16,16,0.0
16,15,63.65970284
16,98,446.0135481
16,92,1689.078751
16,93,3598.566627
16,17,3719.788675
16,95,3815.081736
16,70,3855.535842
16,91,4625.532516
16,94,4949.661322
16,96,5396.768287
16,71,5551.605321
16,18,5738.853127
16,100,6018.553531
16,101,6343.503687
16,5,6356.04736
16,19,6582.895019
16,54,6947.264017
16,47,7045.229532
16,88,7092.481849
16,99,7453.394638
16,77,7762.008566
16,120,7828.908105
16,102,7919.605363
16,103,7954.716495
16,32,7963.308844
16,2,8127.70231
16,57,8313.634159
16,125,8713.536201
16,73,9077.841891
16,56,9096.875692
16,40,9125.245794
16,11,9433.368784
16,97,9457.535559
16,74,9712.20489
16,3,9715.475718
16,20,10042.26492
16,121,10164.99799
16,110,10174.88015
16,122,10175.66249
16,123,10250.15352
16,33,10454.31772
16,43,10590.11194
16,58,10889.85688
16,124,10999.06521
16,85,11219.96442
16,75,11299.70314
16,111,11361.62547
16,72,11495.64164
16,106,12081.84951
16,38,12169.97861
16,89,12186.53702
16,119,12309.50709
16,104,12372.19333
16,12,12484.98844
16,9,12524.06726
16,10,12597.34376
16,23,13205.52095
16,84,13324.29458
16,60,13444.0204
16,69,13597.592
16,90,13849.01276
16,25,14228.71535
16,109,14273.54925
16,117,14321.77271
16,107,14487.7433
16,66,14661.46815
16,59,14813.10673
16,6,14839.85843
16,78,14872.1564
16,87,14917.28216
16,108,14928.37197
16,86,15426.29913
16,80,15458.84658
16,55,15696.5314
16,41,15719.58177
16,42,15739.23431
16,34,15780.41312
16,31,15820.01838
16,30,15853.39149
16,83,15977.86398
16,36,16384.14179
16,44,16680.80564
16,48,16805.42572
16,112,16966.74473
16,39,17176.31516
16,61,17234.58093
16,81,17313.02982
16,114,17465.60305
16,45,17551.56968
16,1,17944.83143
16,113,17991.05741
16,115,17996.05276
16,37,18062.90388
16,62,18281.89051
16,8,18385.92869
16,76,18451.49668
16,49,18589.89425
16,64,18672.37094
16,105,18815.27028
16,35,18904.88625
16,79,19181.90789
16,116,19233.81625
16,46,19646.2166
16,28,19669.65655
16,65,19880.48344
16,53,19899.1688
16,51,19972.35914
16,52,20030.64539
16,50,20307.31625
16,82,20680.40206
16,24,21234.35429
16,118,21347.3651
16,14,21537.26511
16,67,22566.23115
16,26,22899.20534
16,68,23542.57493
16,4,23797.5784
16,7,23901.78784
16,63,23983.83759
16,21,24182.13068
16,22,24186.80359
16,13,24879.51543
16,27,25657.45696
16,29,26047.46609
17,17,0.0
17,18,2953.310694
17,19,3210.633327
17,5,3462.118775
17,16,3719.788675
17,15,3783.448378
17,98,4124.831069
17,93,4842.192303
17,100,4844.557301
17,77,4868.079981
17,120,4945.470619
17,101,5027.328162
17,102,5036.167877
17,95,5058.707412
17,70,5099.161518
17,92,5185.148398
17,57,5186.809803
17,54,5502.872663
17,125,5663.343989
17,91,5869.158192
17,103,5930.432677
17,11,6062.585825
17,47,6222.067457
17,73,6556.244731
17,96,6639.707511
17,20,6672.807291
17,71,7040.648093
17,121,7271.069406
17,122,7281.73391
17,123,7356.224934
17,56,7652.484338
17,94,7738.984841
17,58,7864.265682
17,74,7960.385155
17,110,7961.595939
17,99,7987.475918
17,111,7990.910188
17,124,8105.136622
17,88,8348.2783
17,75,8987.116699
17,106,9187.920925
17,23,9834.805666
17,60,10073.30512
17,2,10267.25453
17,40,10368.18502
17,85,10407.76178
17,32,10570.62634
17,72,10683.439
17,97,10700.47478
17,104,10731.39805
17,119,10858.22146
17,109,11379.62067
17,107,11593.81471
17,43,11631.27622
17,59,11919.17814
17,6,11945.92984
17,78,11978.22781
17,25,12016.45676
17,108,12034.44339
17,33,12280.30725
17,55,12802.60282
17,3,12943.24988
17,38,13412.91783
17,89,13429.47625
17,84,13506.6786
17,9,13767.00648
17,10,13840.28299
17,61,13941.2478
17,12,14171.88749
17,69,14840.53123
17,62,14951.80151
17,8,15015.21341
17,90,15091.95199
17,48,15500.73043
17,117,15564.71194
17,87,16160.22139
17,80,16701.7858
17,49,16791.70453
17,44,16863.18966
17,41,16962.521
17,42,16982.17353
17,86,17113.19818
17,66,17134.41215
17,83,17220.80321
17,34,17467.31217
17,36,17627.08102
17,76,17721.04089
17,45,17763.00996
17,64,17944.37599
17,30,18018.95899
17,31,18035.41214
17,105,18084.81449
17,24,18238.2885
17,39,18419.25438
17,52,18444.09469
17,51,18502.38094
17,81,18555.96905
17,50,18619.72391
17,114,18708.54228
17,46,18918.22165
17,53,19048.95735
17,112,19179.0288
17,113,19233.99664
17,115,19238.99199
17,37,19305.8431
17,1,19445.79799
17,26,19528.49006
17,35,20147.82548
17,79,20424.84712
17,116,20476.75548
17,7,21007.85926
17,63,21089.90901
17,21,21288.2021
17,22,21292.875
17,118,21619.12582
17,14,21834.99963
17,28,21881.94063
17,82,21923.34129
17,65,22092.76751
17,27,22287.66699
17,4,23985.95326
17,67,24040.34663
17,68,24785.51416
17,13,25023.82209
17,29,27630.92298
18,18,0.0
18,19,2753.522938
18,17,2953.310694
18,54,4547.831254
18,57,5414.194412
18,110,5416.998086
18,5,5449.430483
18,56,5468.777847
18,16,5738.853127
18,15,5802.51283
18,125,5909.961851
18,11,6099.812563
18,98,6184.866675
18,77,6571.740972
18,71,6613.759532
18,20,6736.871061
18,120,6944.03581
18,92,7029.367041
18,102,7034.733068
18,100,7369.653216
18,101,7549.971482
18,93,7607.270805
18,94,7709.707217
18,95,7823.785914
18,70,7864.24002
18,103,7928.997868
18,111,8028.136926
18,58,8091.650292
18,73,8554.809922
18,91,8634.236694
18,47,8746.419625
18,121,9123.391245
18,122,9134.055748
18,123,9208.546772
18,124,9224.656711
18,96,9404.786014
18,25,9471.858908
18,106,9651.907158
18,23,9872.032405
18,74,9958.950345
18,60,10110.53186
18,99,10510.11924
18,75,10985.68189
18,88,11113.3568
18,109,11799.86099
18,107,12015.50747
18,59,12339.41847
18,6,12366.17016
18,108,12456.13615
18,78,12459.23514
18,104,12729.96324
18,119,12856.78665
18,3,12913.97225
18,85,12930.40509
18,2,13032.33303
18,40,13133.26352
18,72,13206.08232
18,32,13335.70485
18,97,13465.55329
18,61,13981.92498
18,43,14153.91954
18,55,14550.0852
18,62,14992.47869
18,33,15045.38575
18,8,15052.44015
18,84,16029.32192
18,38,16177.99633
18,89,16194.55475
18,9,16532.08499
18,10,16605.36149
18,12,16936.96599
18,48,17499.29562
18,69,17605.60973
18,90,17857.03049
18,24,18278.96568
18,117,18329.79044
18,49,18539.18692
18,87,18925.29989
18,44,19385.83298
18,80,19466.86431
18,76,19510.87853
18,41,19521.85907
18,42,19541.5116
18,26,19565.7168
18,83,19780.14128
18,86,19878.27668
18,105,19885.34281
18,66,19888.98412
18,52,20191.57708
18,34,20232.39067
18,51,20249.86332
18,45,20285.65328
18,50,20367.2063
18,36,20392.15952
18,64,20467.01931
18,30,20784.03749
18,53,20796.43974
18,31,20800.49064
18,39,21062.7953
18,7,21304.47996
18,81,21321.04755
18,63,21386.52971
18,46,21440.86497
18,114,21473.62078
18,21,21709.89486
18,22,21714.56776
18,112,21944.1073
18,113,21999.07514
18,115,22004.07049
18,37,22070.9216
18,1,22210.87649
18,27,22324.89373
18,35,22912.90398
18,79,23189.92562
18,116,23241.83398
18,118,24141.76914
18,14,24357.64295
18,28,24647.01913
18,82,24688.41979
18,65,24857.84601
18,4,26508.59658
18,67,26805.42513
18,13,27546.46541
18,68,27550.59266
18,29,30396.00148
19,19,0.0
19,18,2753.522938
19,57,3084.918354
19,17,3210.633327
19,11,3444.745094
19,20,4083.311002
19,125,4254.062428
19,77,4943.900537
19,5,5087.568439
19,111,5373.069457
19,110,5556.309322
19,58,5888.695432
19,120,6459.800727
19,102,6550.497985
19,16,6582.895019
19,15,6646.554722
19,98,6987.937413
19,100,7007.791173
19,56,7096.96534
19,101,7188.109438
19,23,7216.964936
19,54,7217.814949
19,60,7455.464392
19,121,7491.014963
19,122,7501.679467
19,103,7567.135824
19,93,7568.210024
19,123,7576.170491
19,124,7592.28043
19,95,7783.908499
19,70,7880.304838
19,106,8010.925292
19,92,8048.254742
19,73,8070.574839
19,47,8384.557582
19,91,8716.197898
19,96,9151.537257
19,71,9161.749457
